# generated by gladevcp.persistence.create_default_ini() on Wed Aug  2 14:50:19 2023
[ini]
	version = 1
	signature = f53c1840e1a84f27dd982048ddb0d8d6a0989840
[vars]
	PROBE_TIME = 26.5792520046
	PIERCE_COUNT = 3
	TORCH_TIME = 26.9784464836
	CUT_LENGTH = 0.0
	RAPID_TIME = 57.1715545654
	CUT_TIME = 0.0
	RUN_TIME = 92.0079565048
# last update  by gladevcp.persistence.save_state() on Tue Aug  8 11:34:28 2023 
