# generated by gladevcp.persistence.create_default_ini() on Tue Jan 14 18:39:40 2025
[ini]
	version = 1
	signature = f53c1840e1a84f27dd982048ddb0d8d6a0989840
[vars]
	PROBE_TIME = 24146.4565751
	PIERCE_COUNT = 12481
	TORCH_TIME = 383525.574936
	CUT_LENGTH = 11466445.279
	RAPID_TIME = 97884.4420663
	CUT_TIME = 367422.965362
	RUN_TIME = 711313.4144
# last update  by gladevcp.persistence.save_state() on Mon Apr 21 10:25:37 2025 
